,Name,Episode,Chapter,Year
0,A O,460,551.0,2009
1,Abdullah,632,704.0,2013
2,Absalom,339,444.0,2007
3,Acilia,652,706.0,2013
4,Adele,527,608.0,2010
5,Aggie 68,461,552.0,2009
6,Agotogi,100,163.0,2001
7,Agsilly,482,570.0,2010
8,Agyo (aka Fighting Lion),652,706.0,2013
9,Ahho Desunen IX,501,587.0,2010
10,Ahho Zurako,501,587.0,2010
11,Ahiru,883,905.0,2018
12,Aisa,161,249.0,2002
13,Akehende,451,548.0,2009
14,Akudai Kanzaburo,918,926.0,2018
15,Akumai,78,129.0,2000
16,Aladine,540,620.0,2011
17,Albion,519,600.0,2010
18,Ally,583,658.0,2012
19,Alpacaman,929,934.0,2019
20,Alvida,1,2.0,1997
21,Amadob,467,559.0,2009
22,Amazon,153,238.0,2002
23,An Zengaiina,425,528.0,2009
24,And,267,379.0,2005
25,Andre,479,558.0,2009
26,Anjo,400,1.0,1997
27,Ankoro,525,606.0,2010
28,Antonio,391,497.0,2008
29,Aphelandra,408,514.0,2008
30,Aremo Ganmi,636,707.0,2013
31,Arlong,31,69.0,1999
32,Arrow,120,196.0,2001
33,Arthur,472,556.0,2009
34,Aruyutayan V,189,292.0,2003
35,Asahija,375,483.0,2007
36,Asashichi,924,930.0,2019
37,Ashura Doji,910,920.0,2018
38,Aswa,100,163.0,2001
39,Atagoyama,902,915.0,2018
40,Atmos,461,553.0,2009
41,Attach,321,436.0,2006
42,Avalo Pizarro,484,575.0,2010
43,Azuki,936,940.0,2019
44,Babanuki,930,934.0,2019
45,Babe,103,160.0,2000
46,Baby 5,608,682.0,2012
47,Bacura,409,516.0,2008
48,Baggaley,489,561.0,2009
49,Bakezo,594,668.0,2012
50,Bakkin,752,802.0,2015
51,Ban Dedessinée,777,823.0,2016
52,Banchi,67,114.0,1999
53,Banchina,17,41.0,1998
54,Bankuro,959,966.0,2020
55,Banshee,461,552.0,2009
56,Banzaburo,960,960.0,2019
57,Bao,343,449.0,2007
58,Bao Huang,985,979.0,2020
59,Bariete,753,804.0,2015
60,Barrel,120,196.0,2001
61,Barry,461,552.0,2009
62,Bartholomew Kuma,151,233.0,2002
63,Bartolomeo,633,705.0,2013
64,Bas,267,379.0,2005
65,Basil Hawkins,392,498.0,2008
66,Basilisk,425,528.0,2009
67,Bastille,462,553.0,2009
68,Batchee,20,43.0,1998
69,Batman,900,914.0,2018
70,Baxcon,648,718.0,2013
71,Beer VI,777,823.0,2016
72,Belo Betty,880,904.0,2018
73,Belladonna,408,515.0,2008
74,Bellamy,146,222.0,2002
75,Bellett,439,537.0,2009
76,Bell-mère,32,77.0,1999
77,Benn Beckman,4,1.0,1997
78,Bentham,78,129.0,2000
79,Bepo,392,498.0,2008
80,Bian,647,713.0,2013
81,Big Pan,210,309.0,2004
83,Bingo,921,928.0,2018
84,Bishamon,925,931.0,2019
85,Biyo,583,660.0,2012
86,Bizarre,468,553.0,2009
87,Black Maria,982,977.0,2020
88,Blackback,754,805.0,2015
89,Blamenco,461,553.0,2009
90,Blenheim,461,553.0,2009
91,Blondie,468,558.0,2009
92,Blue Fan,410,516.0,2008
93,Blue Gilly,636,706.0,2013
94,Bluejam,494,584.0,2010
95,Blueno,230,325.0,2004
96,Blumarine,959,967.0,2020
97,Boa Hancock,409,516.0,2008
98,Boa Marigold,409,516.0,2008
99,Boa Sandersonia,409,516.0,2008
100,Bobbin,571,651.0,2012
101,Bobby Funk,632,704.0,2013
102,Bobomba,641,711.0,2013
103,Bogard,68,92.0,1999
104,Bomba,589,652.0,2012
105,Bomba,641,711.0,2013
106,Bongo,921,928.0,2018
107,Bonk Punch,4,1.0,1997
108,Boo,632,704.0,2013
109,Boodle,6,12.0,1997
111,Borsalino,398,504.0,2008
112,Bourbon Jr.,111,180.0,2001
113,Braham,163,249.0,2002
114,Brahm,120,196.0,2001
115,Brannew,45,96.0,1999
116,Brew,470,561.0,2009
117,Briscola,982,993.0,2020
118,Brocca,470,561.0,2009
119,Brogy,71,116.0,2000
121,Brook,337,442.0,2007
123,Buche,852,880.0,2017
124,Buchi,13,31.0,1999
125,Buffalo,618,692.0,2012
126,Buggy,4,9.0,1997
127,Buhichuck,340,446.0,2007
128,Building Snake,4,41.0,1998
129,Bunbuku,894,911.0,2018
130,Bungo,921,928.0,2018
131,Bunny Joe,455,546.0,2009
132,Bushon,251,361.0,2005
133,Busshiri,275,391.0,2005
134,Byron,395,501.0,2008
135,Cabaji,7,9.0,1997
136,Caesar Clown,581,658.0,2012
138,Camie,385,195.0,2001
139,Camel,621,695.0,2013
140,Cancer,45,96.0,1999
141,Candre,466,557.0,2009
144,Capone Bege,392,498.0,2008
145,Capone Pez,795,834.0,2016
146,Capote,209,306.0,2004
147,Caribou,519,600.0,2010
148,Carmel,836,866.0,2017
149,Carne,21,45.0,1998
150,Carrot,753,804.0,2015
151,Catacombo,522,602.0,2010
152,Catarina Devon,484,575.0,2010
153,Cavendish,632,704.0,2013
154,CB Gallant,959,966.0,2020
155,Cerberus,339,444.0,2007
156,Cezar,777,823.0,2016
157,Chabo,31,69.0,1999
158,Chadros Higelyges,490,581.0,2010
159,Chaka,91,155.0,2000
160,Chao,671,738.0,2014
161,Chap,777,823.0,2016
162,Chappe,593,668.0,2012
163,Charlos,393,499.0,2008
164,Charlotte Akimeg,869,894.0,2018
165,Charlotte Allmeg,869,894.0,2018
166,Charlotte Amande,786,827.0,2016
167,Charlotte Anana,809,845.0,2016
168,Charlotte Angel,831,861.0,2017
169,Charlotte Anglais,809,845.0,2016
170,Charlotte Basans,832,862.0,2017
171,Charlotte Basskarte,830,860.0,2017
172,Charlotte Bavarois,861,888.0,2017
173,Charlotte Brownie,869,894.0,2018
174,Charlotte Broyé,834,864.0,2017
175,Charlotte Brûlée,791,831.0,2016
176,Charlotte Cabaletta,809,845.0,2016
177,Charlotte Cadenza,809,845.0,2016
178,Charlotte Chiboust,869,894.0,2018
179,Charlotte Chiffon,783,825.0,2016
180,Charlotte Cinnamon,828,860.0,2017
181,Charlotte Citron,828,861.0,2017
182,Charlotte Compo,834,864.0,2017
183,Charlotte Compote,830,860.0,2017
184,Charlotte Cornstarch,835,865.0,2017
185,Charlotte Counter,809,845.0,2016
186,Charlotte Cracker,796,835.0,2016
187,Charlotte Custard,832,862.0,2017
188,Charlotte Dacquoise,822,854.0,2017
189,Charlotte Daifuku,826,861.0,2017
190,Charlotte De-Chat,809,845.0,2016
191,Charlotte Dolce,809,845.0,2016
192,Charlotte Dosmarche,832,861.0,2017
193,Charlotte Dragée,809,845.0,2016
194,Charlotte Effilée,834,864.0,2017
195,Charlotte Flampe,865,891.0,2018
196,Charlotte Fuyumeg,869,894.0,2018
198,Charlotte Galette,789,829.0,2016
200,Charlotte Harumeg,869,894.0,2018
201,Charlotte High-Fat,832,862.0,2017
202,Charlotte Joconde,869,894.0,2018
203,Charlotte Joscarpone,809,845.0,2017
204,Charlotte Kanten,839,862.0,2017
205,Charlotte Katakuri,825,860.0,2017
206,Charlotte Kato,822,854.0,2017
207,Charlotte Laurin,834,864.0,2017
208,Charlotte Linlin,571,651.0,2012
209,Charlotte Lola,370,476.0,2007
211,Charlotte Marble,869,894.0,2018
212,Charlotte Marnier,831,861.0,2017
213,Charlotte Mascarpone,809,845.0,2017
214,Charlotte Mash,834,865.0,2017
216,Charlotte Mobile,832,862.0,2017
217,Charlotte Mondée,835,865.0,2017
218,Charlotte Mont-d'Or,789,829.0,2016
219,Charlotte Montb,873,897.0,2018
220,Charlotte Moscato,788,829.0,2016
221,Charlotte Mozart,832,862.0,2017
222,Charlotte Myukuru,809,845.0,2017
223,Charlotte Newgo,809,845.0,2016
224,Charlotte Newichi,809,845.0,2016
225,Charlotte Newji,809,845.0,2016
226,Charlotte Newsan,809,845.0,2016
227,Charlotte Newshi,809,845.0,2016
228,Charlotte Noisette,832,862.0,2017
229,Charlotte Normande,809,845.0,2016
230,Charlotte Nougat,869,894.0,2018
231,Charlotte Nusstorte,822,854.0,2017
232,Charlotte Nutmeg,869,894.0,2018
233,Charlotte Opera,789,829.0,2016
234,Charlotte Oven,827,861.0,2017
236,Charlotte Perospero,795,834.0,2016
237,Charlotte Poire,830,860.0,2017
238,Charlotte Praline,790,830.0,2016
239,Charlotte Prim,871,896.0,2018
240,Charlotte Pudding,571,651.0,2012
241,Charlotte Raisin,809,845.0,2016
242,Charlotte Saint-Marc,832,862.0,2017
243,Charlotte Smoothie,812,846.0,2016
244,Charlotte Snack,797,894.0,2016
245,Charlotte Tablet,832,862.0,2017
246,Charlotte Wafers,809,845.0,2016
247,Charlotte Wiro,809,845.0,2016
248,Charlotte Yuen,869,894.0,2018
249,Charlotte Zuccotto,832,862.0,2017
250,Chess,78,131.0,2000
251,Chesskippa,278,398.0,2006
252,Chew,31,69.0,1999
254,Chicken,505,1.0,1997
255,Chimney,229,322.0,2004
256,Chinjao,632,704.0,2013
257,Chihaya,909,919.0,2018
258,Chiya,187,287.0,2003
259,Cho,946,952.0,2019
260,Chocho,912,921.0,2018
261,Choco Police,786,827.0,2016
262,Chocolat,517,598.0,2010
263,Choi,464,555.0,2009
264,Chome,925,931.0,2019
265,Chouchou,6,12.0,1997
266,Chuchun,209,306.0,2004
268,Clione,757,810.0,2016
269,Clover,275,391.0,2005
270,Coburn,187,288.0,2003
271,Cocoa,518,598.0,2010
272,Cocox,18,22.0,1998
275,Comil,421,289.0,2003
277,Concelot,758,809.0,2015
278,Conis,154,239.0,2002
279,Corgi,233,328.0,2004
280,Coribou,519,600.0,2010
281,Cornelia,461,552.0,2009
282,Cosette,800,839.0,2016
284,Cosmos,410,516.0,2008
285,Cotton,648,718.0,2013
286,Couran,884,906.0,2018
287,Cowboy,111,180.0,2001
288,Crocodile,76,126.0,2000
289,Crocus,62,102.0,1999
290,Curiel,461,552.0,2009
291,Curly Dadan,0,582.0,2010
292,Dachoman,937,940.0,2019
293,Daddy Dee,35,79.0,1999
294,Dagama,632,704.0,2013
295,Daidalos,550,630.0,2011
296,Daifugo,928,934.0,2019
297,Daigin,432,531.0,2009
298,Daikoku,925,931.0,2019
299,Daikon,664,732.0,2013
300,Daisy,410,516.0,2008
301,Dalmatian,462,553.0,2009
302,Dalton,80,132.0,2000
303,Damask,652,706.0,2013
304,Daruma,530,611.0,2011
305,Daz Bonez,103,160.0,2000
306,Decalvan Brothers,460,551.0,2009
307,Delacuaji,460,551.0,2009
308,Dellinger,632,702.0,2013
309,Demaro Black,517,598.0,2010
310,Den,534,616.0,2011
311,Denjiro,909,919.0,2018
312,Devil Dias,391,497.0,2008
313,Diamante,629,700.0,2013
314,Didit,496,585.0,2010
315,Diesel,786,827.0,2016
316,Diez Barrels,704,765.0,2014
319,Disco,394,500.0,2008
321,Dobby Ibadonbo,432,531.0,2009
322,Doberman,302,420.0,2006
323,Dobon,919,926.0,2018
324,Doc Q,146,223.0,2002
325,Dogra,493,582.0,2010
326,Dogya,461,552.0,2009
327,Doha Ittanka II,430,529.0,2009
328,Doma,460,551.0,2009
329,Domino,422,526.0,2009
331,Donannoyo,919,926.0,2018
333,Donquino,959,966.0,2020
334,Donquixote Doflamingo,151,233.0,2002
335,Donquixote Homing,699,763.0,2014
336,Donquixote Mjosgard,545,625.0,2011
337,Donquixote Rosinante,700,761.0,2014
338,Doran,583,657.0,2012
339,Doringo,0,0.0,2009
340,Dorry,71,116.0,2000
341,Dosun,530,611.0,2011
342,Dotaku,918,926.0,2018
343,Dracule Mihawk,23,49.0,1998
344,Dragon Number Thirteen,579,655.0,2012
346,Drip,518,598.0,2010
347,Drophy,103,160.0,2000
348,Drug Peclo,828,860.0,2017
349,Du Feld,828,860.0,2017
350,Ducky Bree,461,552.0,2009
351,Duval,386,491.0,2008
352,Eddy,146,223.0,2002
353,Edward Newgate,151,234.0,2002
354,Edward Weevil,751,802.0,2015
355,Eiri,836,866.0,2017
356,Egana,375,483.0,2007
357,Eggplant Soldier,814,849.0,2016
358,Elizabello II,632,704.0,2013
359,Elmy,460,551.0,2009
361,Emporio Ivankov,438,537.0,2009
362,Enel,167,254.0,2002
363,Enishida,411,517.0,2008
364,Epoida,467,553.0,2009
365,Époni,804,841.0,2016
366,Erik,105,167.0,2001
367,Erio,959,967.0,2020
368,Esta,647,717.0,2013
369,Eustass Kid,392,498.0,2008
370,Farafra,105,167.0,2001
371,Farul,634,722.0,2013
372,Faust,401,508.0,2008
373,Fen Bock,593,668.0,2012
374,Finamore,461,552.0,2009
375,Fillonce,527,608.0,2010
376,Fishbonen,511,594.0,2010
377,Fisher Tiger,415,521.0,2008
378,Flapper,641,711.0,2013
381,Fossa,461,553.0,2009
382,Fourtricks,982,994.0,2020
383,Foxy,207,305.0,2004
384,Francois,438,537.0,2009
385,Franky,233,329.0,2004
388,Fujin,925,931.0,2019
389,Fukaboshi,528,609.0,2011
390,Fukurokuju,925,931.0,2019
391,Fukurou,264,375.0,2005
392,Fullbody,20,43.0,1998
393,Funkfreed,254,365.0,2005
394,Furrari,884,906.0,2018
395,Fuza,155,241.0,2002
396,Gaburu,921,702.0,2013
397,Gaimon,18,22.0,1998
398,Gal,606,680.0,2012
400,Galdino,70,117.0,2000
401,Gally,877,902.0,2018
402,Gama Pyonnosuke,892,909.0,2018
403,Gambia,634,705.0,2013
404,Gan Fall,153,237.0,2002
405,Gancho,641,711.0,2013
406,Ganryu,461,552.0,2009
407,Ganryu,968,966.0,2020
408,Gatherine,266,379.0,2005
409,Gatz,631,702.0,2013
410,Gazelleman,900,914.0,2018
411,Gecko Moria,343,449.0,2007
412,Gedatsu,155,241.0,2002
413,Gem,65,110.0,1999
414,Genbo,163,249.0,2002
415,Genrin,937,940.0,2019
416,Genzo,32,71.0,1999
417,George Black,436,536.0,2009
418,George Mach,217,313.0,2004
419,Gerd,836,866.0,2017
420,Giberson,828,860.0,2017
422,Gimlet,715,775.0,2015
423,Gin,21,44.0,1998
424,Gina,215,318.0,2004
425,Ginko,608,682.0,2012
426,Ginnosuke,909,919.0,2018
427,Ginrummy,739,795.0,2015
428,Giro Chintaro,892,909.0,2018
429,Giolla,608,682.0,2012
430,Gion,887,907.0,2018
431,Giovanni,758,809.0,2015
432,Gladius,608,682.0,2012
433,Glove,309,427.0,2006
434,Gode,169,256.0,2003
435,Going Merry,17,41.0,1998
436,Goki,955,954.0,2020
437,Gol D. Roger,1,1.0,1997
438,Goldberg,836,899.0,2017
440,Gomorrah,256,366.0,2005
441,Gonbe,229,322.0,2004
442,Goo,375,483.0,2007
443,Gorilla,514,596.0,2010
444,Gorishiro,982,978.0,2020
446,Gorobe,916,924.0,2018
447,Gotti,783,825.0,2016
448,Grabar,647,717.0,2013
449,Gram,275,391.0,2005
451,Gyaro,394,197.0,2001
452,Gyoro,343,449.0,2007
453,Gyoru,45,1.0,1997
454,Gyro,530,611.0,2011
455,Hack,633,706.0,2013
456,Hack,275,391.0,2005
457,Hajrudin,639,706.0,2013
458,Hakowan,778,245.0,2002
459,Ham Burger,777,823.0,2016
460,Hamburg,207,305.0,2004
461,Hamlet,982,994.0,2020
462,Hammond,526,607.0,2010
463,Han,937,940.0,2019
464,Hana,973,971.0,2020
465,Hangan,465,556.0,2009
466,Hanger,48,97.0,1998
467,Hanji,947,949.0,2019
468,Hannyabal,422,525.0,2008
469,Hanzo,925,931.0,2019
470,Happa Yamao,241,341.0,2004
472,Hara,909,919.0,2018
473,Haredas,418,523.0,2008
474,Harisenbon,555,635.0,2011
475,Haritsu Kendiyo,511,594.0,2010
476,Haruta,461,553.0,2009
477,Hasami,110,176.0,2001
478,Hatcha,987,980.0,2020
479,Hatchan,31,69.0,1999
480,Hattori,230,323.0,2004
481,Heat,394,500.0,2008
482,Helmeppo,2,3.0,1997
483,Heppoko,1,2.0,1997
484,Hera,633,703.0,2013
486,Heracles,420,524.0,2008
487,Herb,187,287.0,2003
488,Hewitt,146,223.0,2002
489,Hidayu,918,926.0,2018
491,Higuma,4,1.0,1997
492,Hihimaru,892,910.0,2018
493,Hikoichi,111,180.0,2001
494,Hildon,339,444.0,2007
495,Hina,127,171.0,2001
497,Hippo Gentleman,345,451.0,2007
498,Hiramera,527,608.0,2010
499,Hiriluk,85,140.0,2000
500,Hiroshi,901,915.0,2018
501,Hitsugisukan,968,963.0,2019
502,Ho,128,213.0,2002
503,Hocha,275,391.0,2005
504,Hocker,6,12.0,1997
505,Hody Jones,527,608.0,2010
506,Hoe,530,611.0,2011
507,Hogback,340,446.0,2007
508,Hoichael,313,371.0,2005
509,Holed'em,901,915.0,2018
510,Holy,155,241.0,2002
511,Home,912,921.0,2018
512,Hongo,489,1.0,1997
513,Honner,187,287.0,2003
515,Hotei,951,951.0,2019
516,Hotori,171,261.0,2003
518,Howling Gab,489,580.0,2010
519,Hublot,461,552.0,2009
520,Humphrey,517,598.0,2008
522,Hyogoro,919,926.0,2018
523,Hyota,120,196.0,2001
524,Hyoutauros,582,658.0,2012
525,Hyouzou,527,607.0,2010
526,Ibiributsu,919,926.0,2018
527,Ibusu,671,738.0,2014
528,Iceburg,230,323.0,2004
529,Ichika,527,608.0,2010
531,Ideaman,25,55.0,1998
532,Ideo,633,706.0,2013
533,Igaram,64,106.0,1999
534,Ikaros Much,530,611.0,2011
535,Ikkaku,757,815.0,2016
536,Ikkaku,902,915.0,2018
537,Im,885,906.0,2018
538,Inazuma,438,536.0,2009
539,Inbi,955,954.0,2019
540,Indigo,429,0.0,2009
541,Inhel,648,718.0,2013
542,Inoichibannosuke,904,917.0,2018
543,Inuarashi,756,808.0,2015
544,Inukai,926,932.0,2019
545,Inuppe,345,451.0,2007
546,Ipponmatsu,49,97.0,1998
547,Ipponume,49,97.0,1998
548,Isa,168,256.0,2003
549,Ishigo Shitemanna,231,325.0,2004
550,Ishilly,527,608.0,2010
551,Island Eater,77,129.0,2000
552,Islewan,462,553.0,2009
553,Issho,630,701.0,2013
555,Itomimizu,209,306.0,2004
556,Ivan X,111,180.0,2001
557,Izou,461,553.0,2009
558,Iwatobi,777,823.0,2016
559,Jabra,264,375.0,2005
560,Jack,746,801.0,2015
561,Jacksonbanner,968,967.0,2020
563,Jaguar D. Saul,275,392.0,2005
564,Jaki,955,954.0,2019
565,Jalmack,502,588.0,2010
566,Jango,9,25.0,1998
567,Jarul,836,866.0,2017
568,Jean Ango,639,706.0,2013
569,Jean Bart,391,497.0,2008
570,Jean Goen,423,526.0,2008
571,Jeep,884,906.0,2018
572,Jeet,632,706.0,2013
573,Jerry,253,362.0,2005
574,Jero,606,680.0,2012
575,Jesus Burgess,146,222.0,2002
576,Jew Wall,145,222.0,2002
577,Jewelry Bonney,392,498.0,2008
578,Jibuemon,911,920.0,2018
579,Jigoku Benten,925,931.0,2019
580,Jigoro,346,452.0,2007
581,Jigra,830,860.0,2017
582,Jinbe,416,528.0,2009
583,Jo,947,948.0,2019
584,Jobo,150,232.0,2002
585,John,344,450.0,2007
586,John Giant,45,96.0,1999
587,Johnny,19,42.0,1998
588,Jorge,248,353.0,2005
589,Jorul,836,866.0,2017
590,Joy Boy,548,628.0,2011
591,Jozu,151,234.0,2002
592,Judy,393,499.0,2008
593,Jujiro,918,926.0,2018
594,Juki,982,977.0,2020
595,Julius,489,578.0,2010
596,Junan,530,611.0,2011
597,Kabu,640,710.0,2013
598,Kadar,541,622.0,2011
599,Kagero,909,920.0,2018
601,Kaidou,739,795.0,2015
602,Kairen,527,608.0,2010
603,Kairiken,392,498.0,2008
604,Kairo Kureyo,437,535.0,2009
605,Kaku,230,323.0,2004
606,Kaku,919,927.0,2018
607,Kakukaku,237,334.0,2004
608,Kakunoshin,918,926.0,2018
609,Kalgara,187,286.0,2006
610,Kalifa,230,323.0,2004
611,Kamakiri,163,249.0,2002
612,Kamekichi,918,926.0,2018
613,Kamijiro,901,914.0,2018
614,Kaneshiro,32,72.0,1999
615,Kanezenny,278,398.0,2006
616,Kappa,105,167.0,2001
617,Karasu,510,593.0,2010
618,Karma,467,553.0,2009
619,Karoo,65,109.0,1999
620,Kasa,511,594.0,2010
621,Kasagoba,527,607.0,2010
622,Kashii,265,377.0,2005
623,Kashigami,187,287.0,2003
624,Katsuzo,960,960.0,2019
625,Kawamatsu,916,924.0,2018
626,Kaya,9,23.0,1998
627,Kazekage,925,931.0,2019
629,Kebi,100,164.0,2001
631,Keith,759,809.0,2015
632,Kentauros,111,180.0,2001
633,Kelly Funk,633,704.0,2013
634,Kerville,267,379.0,2005
635,Kibagaeru,208,306.0,2004
636,Kibin,475,594.0,2010
637,Kiev,231,325.0,2004
638,Kikipatsu,917,925.0,2018
639,Kiku,409,515.0,2008
640,Kikunojo,899,913.0,2018
641,Kikyo,408,514.0,2008
642,Killer,392,498.0,2008
643,Kimel,461,552.0,2009
644,Kin'emon,580,656.0,2012
645,Kinbo,904,917.0,2018
646,Kinderella,778,261.0,2003
647,King,918,925.0,2018
648,Kingbaum,797,836.0,2016
649,Kinga,484,570.0,2010
650,Kingdew,461,562.0,2009
651,Kinoko,437,536.0,2009
652,Kirinkodanuki,18,22.0,1998
653,Kirintauros,582,658.0,2012
654,Kisegawa,922,929.0,2019
655,Kitton,418,523.0,2008
656,Kiwi,233,329.0,2004
657,Koala,541,622.0,2011
658,Kobe,922,929.0,2019
659,Koby,1,2.0,1997
661,Koito,923,930.0,2019
662,Kojuro,918,926.0,2018
663,Kokoro,229,322.0,2004
664,Komachiyo,892,910.0,2018
665,Komane,879,903.0,2018
666,Konbu,582,657.0,2012
667,Kong,0,0.0,2009
668,Kop,231,325.0,2004
669,Kotatsu,461,552.0,2009
670,Kotetsu,897,912.0,2018
671,Kotori,171,261.0,2003
672,Koushirou,19,5.0,1997
673,Koyama,960,960.0,2019
674,Koza,93,163.0,2001
675,Koze,48,96.0,1999
676,Kozuki Hiyori,892,909.0,2018
677,Kozuki Momonosuke,609,684.0,2012
678,Kozuki Oden,910,920.0,2016
679,Kozuki Sukiyaki,960,960.0,2018
680,Kozuki Toki,910,920.0,2018
681,Krieg,21,45.0,1998
682,Kuina,2,5.0,1997
683,Kukai,461,552.0,2009
684,Kumadori,264,375.0,2005
687,Kumagoro,922,929.0,2019
688,Kumashi,343,449.0,2007
689,Kuni,919,927.0,2018
691,Kureha,81,134.0,2000
692,Kuro (aka Klahadore),9,23.0,1998
693,Kurokoma,960,960.0,2019
694,Kuromarimo,79,131.0,2000
695,Kuroobi,31,69.0,1999
696,Kurosawa,911,920.0,2018
698,Kurozumi Higurashi,965,965.0,2019
699,Kurozumi Kanjuro,629,700.0,2013
700,Kurozumi Orochi,921,927.0,2018
701,Kurozumi Semimaru,965,965.0,2019
702,Kuzan,225,303.0,2003
703,Kyros (aka Thunder Soldier),631,702.0,2013
704,Kyuin,692,755.0,2014
706,Kyukyu,237,334.0,2004
707,Laboon,62,102.0,1999
708,Lacroix,459,550.0,2009
709,Lacuba,395,502.0,2008
710,Lady Tree,844,873.0,2017
711,Laffitte,151,234.0,2002
712,Lao G,608,682.0,2012
713,Laskey,276,393.0,2005
714,Lassoo,103,160.0,2000
715,Lemoncheese,884,906.0,2018
716,Leo,640,710.0,2013
717,Leonero,461,552.0,2009
718,Lily,146,223.0,2002
719,Limejuice,4,41.0,1998
720,Lindbergh,880,904.0,2018
721,Lines,21,44.0,1998
722,Lionbuta,18,22.0,1998
723,Lip Doughty,519,600.0,2010
724,Little Oars Jr.,463,554.0,2009
725,Loki,827,858.0,2017
726,Lola,345,451.0,2007
727,Lord of the Coast,4,1.0,1997
728,Louis Arnote,70,115.0,2000
729,Lucky Roux,4,1.0,1997
730,Lulis,527,608.0,2010
731,Machvise,608,682.0,2012
732,Macro,386,197.0,2001
734,Madilloman,935,939.0,2019
735,Magellan,425,528.0,2009
736,Magra,493,582.0,2010
737,Maha,922,929.0,2019
738,Maidy,129,215.0,2002
739,Maki,917,925.0,2018
740,Makino,4,1.0,1997
742,Mamboshi,528,609.0,2011
743,Mani,146,223.0,2002
744,Manjaro,518,598.0,2010
745,Mansherry,647,717.0,2013
746,Marco,151,234.0,2002
747,Margarita,375,483.0,2007
748,Marguerite,408,514.0,2008
749,Mari,884,906.0,2018
750,Maria Napole,569,649.0,2011
751,Marianne,70,117.0,2000
752,Marie,393,499.0,2008
753,Marilyn,193,300.0,2003
754,Marin,394,500.0,2008
755,Mario,630,701.0,2013
756,Marshall D. Teach,146,223.0,2002
759,Mashikaku,48,98.0,1999
760,Masira,144,219.0,2002
761,Masked Deuce,461,552.0,2009
762,Massui,893,911.0,2018
763,Master,145,233.0,2002
764,Master of the Waters,227,319.0,2004
765,Matryosaka,882,905.0,2018
766,Matryoseka,882,905.0,2018
767,Matryosoka,882,905.0,2018
768,Matryosuka,882,905.0,2018
769,Matsuge,93,162.0,2001
770,Maujii,692,755.0,2014
771,Maynard,634,705.0,2013
772,MAX Marx,967,966.0,2020
773,Mayushika,176,269.0,2003
774,McGuy,460,551.0,2009
775,McKinley,155,241.0,2002
776,Meadows,659,706.0,2013
777,Megalo,525,605.0,2010
778,Mero,527,608.0,2010
779,Merry,11,24.0,1998
780,Michael,313,371.0,2005
781,Mihar,461,552.0,2009
782,Mikazuki,230,323.0,2004
784,Mikita,65,110.0,1999
785,Milky,765,814.0,2016
786,Millet Pine,959,966.0,2020
787,Milo (aka Onepoco),647,717.0,2013
788,Minatomo,4,,1998
789,Minatomo,892,909.0,2018
790,Minister of the Left,531,612.0,2011
791,Minister of the Right,531,612.0,2011
793,Minokoala,432,531.0,2009
794,Minorhinoceros,433,532.0,2009
795,Minoruba,392,498.0,2008
796,Minotaurus,422,525.0,2008
797,Minozebra,434,533.0,2009
799,Miss Catherina,64,107.0,1999
800,Miss Father's Day,124,205.0,2001
801,Miss Friday,63,105.0,1999
802,Miss Monday,64,107.0,1999
803,Miss Mother's Day,91,155.0,2000
804,Miss Saturday,91,155.0,2000
805,Miss Thursday,91,155.0,2000
806,Miss Tuesday,91,155.0,2000
807,Miyagi,756,808.0,2015
808,Mizerka,982,978.0,2020
809,Mizuira,275,391.0,2005
810,Mizuta Madaisuki,380,487.0,2008
811,Mizuta Mawaritosuki,380,488.0,2008
813,MocDonald,341,447.0,2007
814,Mocha,582,657.0,2012
815,Mochi,180,274.0,2003
816,Moda,880,278.0,2003
817,Mohji,6,9.0,1997
818,Momonga,302,420.0,2006
819,Momoo,31,73.0,1999
820,Monda,209,306.0,2004
821,Monet,581,657.0,2012
822,Monjii,756,807.0,2015
823,Monjiro,918,926.0,2018
824,Monkey D. Dragon,52,100.0,1999
825,Monkey D. Garp,68,92.0,1999
826,Monkey D. Luffy,1,1.0,1997
827,Monster,489,1.0,1997
828,Mont Blanc Cricket,148,227.0,2002
829,Mont Blanc Noland,187,286.0,2003
830,Moodie,20,43.0,1998
831,Moon Isaac Jr.,969,966.0,2020
832,Moqueca,884,906.0,2018
833,Morgan,2,4.0,1997
834,Morgans,828,860.0,2017
835,Morley,880,904.0,2018
837,Mororon,882,905.0,2018
839,Motobaro,388,494.0,2008
840,Motzel,20,43.0,1998
841,Mounblutain,517,598.0,2010
842,Mountain God (aka Yama-san),960,960.0,2019
843,Mountain Ricky,217,313.0,2004
844,Mouseman,901,915.0,2018
845,Mousse,187,287.0,2003
846,Moyle,178,272.0,2003
847,Mozambia,151,234.0,2002
848,Mozu,233,329.0,2004
849,Mr. 6,91,155.0,2000
850,Mr. 7,116,190.0,2001
851,Mr. 7,124,205.0,2001
852,Mr. 9,62,103.0,1999
853,Mr. 10,91,155.0,2000
854,Mr. 11,79,128.0,2000
855,Mr. 12,91,155.0,2000
856,Mr. 13,63,105.0,1999
857,Mr. Beans,64,106.0,1999
858,Mr. Love,125,206.0,2001
859,Mr. Mellow,95,159.0,2000
860,Mr. Momora,966,966.0,2020
861,Mr. Shimizu,64,107.0,1999
862,Muchana,437,536.0,2009
863,Mugren,966,966.0,2020
864,Mukkashimi Tower,637,707.0,2013
865,Mummy,652,706.0,2013
866,Mummy Mee,35,79.0,1999
867,Muret,146,223.0,2002
0,Nako,32,77.0,1999
1,Nami,1,8.0,1997
2,Namur,461,552.0,2009
3,Nangi,997,988.0,2020
4,Napoleon,571,651.0,2012
5,Nashi,884,906.0,2018
6,Natto,100,164.0,2001
8,Nefertari Cobra,91,142.0,2000
9,Nefertari Titi,129,215.0,2002
10,Nefertari Vivi,62,103.0,1999
11,Neggy,884,906.0,2018
12,Negikuma Maria,80,133.0,2000
13,Nekomamushi,756,809.0,2015
14,Neptune,530,611.0,2011
15,Nerine,408,514.0,2008
16,Nero,257,367.0,2005
17,Nezumi,31,69.0,1999
18,Nico Olvia,275,392.0,2005
19,Nico Robin,67,114.0,1999
20,Nigeratta,278,398.0,2006
21,Nika,527,608.0,2010
23,Nin,343,449.0,2007
24,Ninjin,9,23.0,1998
26,Nitro,571,651.0,2012
28,Noble Croc,791,831.0,2016
29,Nokotti,932,936.0,2019
30,Nojiko,31,70.0,1999
31,Nola,168,255.0,2003
32,Nora Gitsune,518,598.0,2010
33,Noriko,937,940.0,2019
35,Nubon,641,711.0,2013
36,Nugire Yainu,10,37.0,1998
37,Nure-Onna,1013,998.0,2020
38,Nyasha,806,842.0,2016
39,Nyon (aka Gloriosa),408,514.0,2008
40,Oars,350,456.0,2007
41,Octopako,531,203.0,2001
42,Ochoku,958,957.0,2019
44,Ohm,155,241.0,2002
45,Oide,890,909.0,2018
46,Oimo,265,377.0,2005
47,Okame,100,163.0,2001
48,Okome,146,224.0,2002
49,Omasa,946,952.0,2019
50,Onigumo,302,420.0,2006
51,Onimaru,932,936.0,2019
52,Oran,275,391.0,2005
53,Orlumbus,632,704.0,2013
54,Ossamondo,461,552.0,2009
55,Otohime,540,621.0,2011
56,Outlook III,496,586.0,2010
57,Packy,48,96.0,1999
58,Pagaya,154,239.0,2002
59,Page One,923,929.0,2018
60,Palms,470,553.0,2009
61,Pandaman,16,44.0,1998
62,Pandawoman,409,517.0,2008
63,Pandora,837,867.0,2017
64,Pankuta Dakeyan,422,525.0,2008
65,Pansy,409,515.0,2008
66,Pantri,187,287.0,2003
67,Papaneel,540,621.0,2011
69,Pappag,385,195.0,2001
70,Pascia,395,501.0,2008
71,Patty,21,44.0,1998
72,Paulie,230,323.0,2004
73,Pavlik,477,553.0,2009
74,Peachbeard,880,904.0,2018
75,Pearl,25,54.0,1998
76,Peepley Lulu,230,323.0,2004
77,Pedro,754,805.0,2015
78,Pekkori,421,524.0,2008
79,Pekoms,570,651.0,2012
80,Pell,91,155.0,2000
81,Pellini,641,711.0,2013
82,Penguin,392,498.0,2008
83,Peppoko,1,2.0,1997
84,Perona,338,443.0,2007
85,Peterman,393,499.0,2008
86,Petermoo,959,966.0,2020
87,Pica,629,700.0,2013
88,Pickles,210,309.0,2004
89,Pierre,153,237.0,2002
90,Piiman,9,23.0,1998
91,Pike,572,652.0,2012
92,Pinky,4,8.0,1997
93,Pisaro,32,72.0,1999
94,Poker,982,997.0,2020
96,Poppoko,1,2.0,1997
97,Poppy,409,515.0,2008
98,Porche,207,305.0,2004
99,Porchemy,494,583.0,2010
100,Poro,8,14.0,1997
101,Portgas D. Ace,91,154.0,2000
102,Portgas D. Rouge,0,550.0,2009
103,Potaufeu,889,908.0,2018
104,Potsun,130,217.0,2002
105,Pound,792,831.0,2016
106,Prometheus,786,827.0,2016
107,Pudding Pudding,34,75.0,1999
108,Pudos,916,924.0,2018
109,Puppu,92,155.0,2000
110,PX-1,403,511.0,2008
111,PX-4,401,508.0,2008
112,PX-5,519,599.0,2010
113,PX-7,519,599.0,2010
114,Queen,918,925.0,2018
115,Queen Mama Chanter,662,730.0,2013
117,Rabbitman,904,916.0,2018
118,Rabiyan,786,827.0,2016
120,Raideen,836,866.0,2017
121,Raijin,925,931.0,2019
122,Raizo,768,817.0,2016
123,Raki,163,249.0,2002
124,Rakuda,922,929.0,2019
125,Rakuyo,461,553.0,2009
126,Ramba,460,551.0,2009
127,Ramen,777,823.0,2016
128,Rampo,641,711.0,2013
129,Ran,410,516.0,2008
130,Randolph,786,827.0,2016
132,Rebecca,633,704.0,2013
135,Reuder,459,550.0,2009
136,Richie,6,9.0,1997
137,Rika,2,3.0,1997
138,Riku Doldo III,636,706.0,2013
139,Rindo,410,516.0,2008
140,Rint,275,391.0,2005
141,Ripper,3,7.0,1997
142,Ririka,2,4.0,1997
143,Risky Brothers,370,475.0,2007
144,Risky Brothers (Zombies),344,451.0,2007
145,Rivers,146,223.0,2002
146,Road,836,898.0,2017
147,Rob Lucci,230,327.0,2004
148,Robson,81,135.0,2000
149,Roche,275,391.0,2005
150,Roche Tomson,436,536.0,2009
151,Rock,591,665.0,2012
152,Rocks D. Xebec,958,957.0,2019
153,Rockstar,151,234.0,2002
154,Roddy,754,805.0,2015
155,Roji,275,391.0,2005
156,Rokkaku,2,4.0,1997
157,Rokki,975,973.0,2020
158,Rolling Logan,652,706.0,2013
159,Ronse,459,550.0,2009
160,Roronoa Zoro,1,3.0,1997
161,Roshio,146,222.0,2002
162,Ross,146,223.0,2002
163,Rosward,391,496.0,2008
164,Rowing,959,967.0,2020
166,Run,605,679.0,2012
168,Russian,715,775.0,2015
169,Ryokugyu,882,905.0,2018
170,Ryuboshi,528,609.0,2011
171,Ryunosuke,752,803.0,2015
172,Saber,461,552.0,2009
173,Sabo,494,583.0,2010
174,Sadi,432,531.0,2009
175,Sai,632,704.0,2013
176,Saikoro,901,915.0,2018
177,Sakazuki,278,397.0,2006
178,Saki,937,940.0,2019
179,Saldeath,431,530.0,2009
180,Salome,409,516.0,2010
181,Sam,43,94.0,1999
182,Samosa,889,908.0,2018
183,Samurai Batts,70,117.0,2000
184,Sancrin,456,557.0,2009
185,Sandayu,921,928.0,2018
186,Sanji,20,43.0,1998
187,Sanjuan Wolf,484,575.0,2010
188,Sanka,527,608.0,2010
189,Sapi,51,98.0,1999
190,Sarahebi,909,919.0,2018
192,Sarie Nantokanette,777,823.0,2016
193,Sarquiss,146,222.0,2002
194,Saru,391,497.0,2008
195,Sarutobi,925,931.0,2019
196,Sasaki,982,977.0,2020
197,Satori,155,241.0,2002
198,Sauce,884,906.0,2018
199,Scarlett,650,721.0,2013
200,Schollzo,231,325.0,2004
201,Scopper Gaban,0,19.0,1997
202,Scotch,591,665.0,2012
203,Scotch,513,595.0,2010
204,Scratchmen Apoo,392,498.0,2008
205,Seagull Guns Nozdon,0,0.0,2009
207,Seira,527,608.0,2010
208,Seki,884,906.0,2018
209,Sengoku,151,234.0,2002
210,Senor Pink,632,702.0,2013
211,Sentomaru,401,497.0,2008
213,Seto,187,287.0,2003
214,Shachi,392,498.0,2008
215,Shakuyaku,392,498.0,2008
216,Shalria,391,496.0,2008
217,Sham,13,31.0,1998
218,Shanba,419,524.0,2008
219,Shandia Chief,168,275.0,2003
220,Shanks,3,1.0,1997
221,Sharinguru,310,428.0,2006
222,Sheepshead,739,795.0,2015
223,Shelly,207,304.0,2004
224,Shiki,426,0.0,2009
225,Shimotsuki Kozaburo,956,955.0,2019
226,Shimotsuki Ryuma,342,448.0,2007
227,Shimotsuki Ushimaru,954,953.0,2019
228,Shimotsuki Yasuie,916,929.0,2019
229,Shin Detamaruka,727,785.0,2015
230,Shin Jaiya,727,785.0,2015
231,Shine,128,214.0,2002
232,Shinobu,911,921.0,2018
233,Shinosuke,956,955.0,2019
234,Shion,409,515.0,2008
235,Shioyaki,33,75.0,1999
236,Shirahoshi,531,612.0,2011
238,Shiryu,440,538.0,2009
239,Shishilian,758,808.0,2015
240,Shoujou,147,226.0,2002
241,Shu,309,426.0,2006
242,Shura,155,241.0,2002
243,Shyarly,529,610.0,2011
244,Sicily,398,504.0,2008
245,Silver Axe,958,957.0,2019
246,Silvers Rayleigh,8,19.0,1998
247,Sind,582,657.0,2012
248,Skull,461,552.0,2009
250,Smiley,594,668.0,2012
251,Smoker,48,97.0,1998
252,Smooge,592,668.0,2012
253,Snakeman,904,916.0,2018
254,Sodom,256,366.0,2005
255,Solitaire,930,935.0,2019
258,Sora,527,608.0,2010
259,Soro,2,3.0,1997
261,Spandam,249,355.0,2005
262,Spandine,275,392.0,2005
263,Spartan,633,703.0,2013
264,Spector,146,223.0,2002
265,Speed,904,917.0,2018
266,Speed Jiru,461,553.0,2009
267,Spencer,959,966.0,2020
268,Sphinx,430,529.0,2009
269,Splash,529,610.0,2011
270,Splatter,529,610.0,2011
271,Spoil,343,448.0,2007
272,Squard,460,551.0,2009
273,Stainless,45,96.0,1999
274,Stalker,421,524.0,2008
275,Stansen,394,500.0,2008
277,Sterry,500,586.0,2010
278,Stevie,251,361.0,2005
279,Stomp,111,180.0,2001
280,Stool,81,134.0,2000
281,Strawberry,302,420.0,2006
282,Streusen,827,858.0,2017
283,Stroganoff,886,908.0,2018
284,Stronger,146,223.0,2002
285,Stussy,828,860.0,2017
286,Su,154,239.0,2002
287,Sugamichi,925,931.0,2019
288,Sugar,608,682.0,2012
289,Suke,919,927.0,2018
290,Sukoshiba Kanishitoru,437,536.0,2009
291,Suleiman,632,704.0,2013
292,Sunbell,0,0.0,2009
293,Surume,524,604.0,2010
294,Sweet Pea,408,514.0,2008
295,T Bone,257,365.0,2005
296,Tabuhachiro,911,920.0,2018
297,Tacos,882,905.0,2018
298,Takao,921,927.0,2018
299,Take,34,75.0,1999
300,Tama,890,909.0,2018
301,Tama,893,911.0,2018
302,Tamachibi,81,134.0,2000
303,Tamago,570,651.0,2012
304,Tamagon,231,325.0,2004
305,Tamanegi,9,23.0,1998
306,Tank Lepanto,636,706.0,2013
307,Tansui,394,197.0,2001
308,Tararan,346,452.0,2007
309,Taro,0,0.0,2009
310,Taroimo,418,523.0,2008
311,Tashigi,48,96.0,1999
312,Tate,151,234.0,2002
313,Tea IV,777,823.0,2016
314,Tegata Ringana,727,785.0,2015
315,Tenguyama Hitetsu,894,911.0,2018
316,Tenjo-Sagari,986,980.0,2020
317,Terracotta,128,213.0,2002
318,Terry,146,223.0,2002
319,Terry Gilteo,324,440.0,2006
321,Tetsu,947,948.0,2019
322,Thalassa Lucas,91,142.0,2000
323,Thatch,325,440.0,2006
324,Tibany,419,523.0,2008
325,Tilestone,230,323.0,2004
326,Togare,548,628.0,2011
327,Tokijiro,922,929.0,2019
328,Tokikake,887,907.0,2018
329,Toko,920,927.0,2018
330,Tom,248,352.0,2005
332,Tonjit,207,304.0,2004
333,Tony Tony Chopper,81,134.0,2000
334,Tori,917,925.0,2018
335,Toto,100,163.0,2001
336,Toyama Tsujigiro,892,909.0,2018
337,Trafalgar D. Water Law,392,498.0,2008
338,Trafalgar Lami,701,762.0,2014
339,Trebol,629,700.0,2013
340,Tristan,739,795.0,2015
341,Tritobu,884,906.0,2018
342,Tsugaru Umi,892,909.0,2018
344,Tsunagoro,946,947.0,2019
345,Tsunokkov,438,537.0,2009
346,Tsuru,151,234.0,2002
347,Tsurue Monnosuke,928,933.0,2019
348,Tsurujo,897,912.0,2018
349,Turco,517,598.0,2010
350,Tyrannosaurus,230,323.0,2004
351,Ubau,189,292.0,2003
352,Ucy,639,706.0,2013
353,Uhho,677,743.0,2014
354,Uholisia,710,877.0,2014
356,Ukkari,2,4.0,1997
357,Ukon,918,926.0,2018
358,Ulti,982,977.0,2020
359,Ultraking,106,169.0,2001
360,Umit,828,860.0,2017
362,Uni,757,810.0,2016
363,Unigaro,341,447.0,2007
364,Urashima,899,913.0,2018
365,Urouge,392,498.0,2008
366,Usagihebi,18,22.0,1998
367,Usakkov,438,537.0,2009
368,Usopp,8,23.0,1998
369,Uwattsura,932,936.0,2019
370,Uzu,583,658.0,2012
372,Van Augur,146,222.0,2002
373,Vander Decken,525,606.0,2010
374,Vander Decken IX,525,606.0,2010
375,Vasco Shot,484,575.0,2010
376,Vegapunk,377,684.0,2006
377,Vergo,597,671.0,2012
378,Very Good,309,426.0,2006
379,Victoria Cindry,340,446.0,2007
380,Vinsmoke Ichiji,787,828.0,2016
381,Vinsmoke Judge,793,832.0,2016
382,Vinsmoke Niji,787,828.0,2016
383,Vinsmoke Reiju,783,826.0,2016
384,Vinsmoke Sora,804,841.0,2016
385,Vinsmoke Yonji,783,825.0,2016
386,Viola,632,703.0,2013
387,Vista,0,552.0,2009
389,Vito,763,812.0,2016
390,Wadatsumi,525,606.0,2010
391,Wakasa,901,915.0,2018
392,Wallace,461,552.0,2009
393,Wallem,470,561.0,2009
394,Wanda,753,804.0,2015
395,Wany,753,804.0,2015
397,Wanze,257,367.0,2005
398,Wapol,79,131.0,2000
399,Warashi,176,269.0,2003
400,Warazane,925,931.0,2019
401,Waruno Furishiro,918,926.0,2018
402,Wellington,702,763.0,2014
403,Wheel,884,906.0,2018
404,Whitey Bay,462,556.0,2009
405,Who's-Who,982,977.0,2020
406,Wicca,635,705.0,2013
407,Willie Gallon,144,218.0,2002
408,Wire,394,500.0,2008
409,Woop Slap,4,1.0,1997
410,Wyper,153,237.0,2002
411,X Drake,392,498.0,2008
412,Yama,167,254.0,2002
413,Yamakaji,302,420.0,2006
414,Yamato,972,983.0,2020
415,Yame,904,917.0,2018
417,Yamon,966,,2020
418,Yarisugi,599,673.0,2012
419,Yasopp,4,1.0,1997
420,Yatappe,946,952.0,2019
421,Yazaemon,925,931.0,2019
422,Yokan,902,915.0,2018
423,Yokozuna,228,322.0,2004
424,Yomo,755,806.0,2016
425,Yonka,527,608.0,2010
426,Yonka Two,527,608.0,2010
427,Yorki,63,103.0,1999
428,Yosaku,20,42.0,1998
429,Yoshimoto,94,157.0,2000
430,Yotsubane,176,269.0,2003
431,Yu,48,98.0,1999
432,Yui,966,966.0,2020
433,Yuki,78,129.0,2000
436,Zabo,145,241.0,2002
437,Zadie,275,391.0,2005
438,Zala,103,160.0,2000
439,Zambai,230,324.0,2004
441,Zeff,20,43.0,1998
442,Zeo,530,611.0,2011
443,Zepo,815,850.0,2016
444,Zeus,786,827.0,2016
445,Zodia,462,553.0,2009
446,Zotto,432,533.0,2009
447,Zucca,489,564.0,2009
448,Zunesha,751,802.0,2015
